2
4 3
0010
1100
0010
0100

7 4
0101001
0000110
0010001
1000100
0010001
0100010
0001000

10 4 1
0101001010
0000110000
0010001001
1000100100
0010001000
0100010100
0001000010
0000000000
1000010000
0001000100

20 8 1
01010010100101001010
00001100000000110000
00100010010010001001
10001001001000100100
00100010000010001000
01000101000100010100
00010000100001000010
00000000000000000000
10000100001000010000
00010001000001000100
01010010100101001010
00001100000000110000
00100010010010001001
10001001001000100100
00100010000010001000
01000101000100010100
00010000100001000010
00000000000000000000
10000100001000010000
00010001000001000100